{"nbformat":4,"nbformat_minor":0,"metadata":{"kernelspec":{"display_name":"Python 3","language":"python","name":"python3"},"language_info":{"codemirror_mode":{"name":"ipython","version":3},"file_extension":".py","mimetype":"text/x-python","name":"python","nbconvert_exporter":"python","pygments_lexer":"ipython3","version":"3.6.9"},"colab":{"name":"0122_20대 대표와 대출의 상관관계.ipynb","provenance":[],"collapsed_sections":[]}},"cells":[{"cell_type":"code","metadata":{"id":"WXEa3UAkGhCg"},"source":["import pandas as pd"],"execution_count":null,"outputs":[]},{"cell_type":"code","metadata":{"id":"WsBqhvAmGhCm"},"source":["df17=pd.read_csv('17.용인시_소상공인_매출정보.csv')"],"execution_count":null,"outputs":[]},{"cell_type":"code","metadata":{"id":"98XsKOh2GhCn","outputId":"d26b73f6-460f-4e19-fa55-82c0d944ca44"},"source":["df17.columns"],"execution_count":null,"outputs":[{"output_type":"execute_result","data":{"text/plain":["Index(['gid', 'ws_cnt', 'found_age_1', 'found_age_2', 'found_age_3',\n","       'found_age_4', 'found_age_5', 'found_age_6', 'runout_cnt',\n","       'smbiz_yn_cnt', 'rpr_per_gender_m', 'rpr_per_gender_f',\n","       'rpr_per_age_bin_10', 'rpr_per_age_bin_20', 'rpr_per_age_bin_30to50',\n","       'rpr_per_age_bin_50over', 'sme_loan_cnt', 'sme_loan_y_1',\n","       'sme_loan_y_2', 'sme_loan_y_3', 'sme_loan_y_4', 'sme_loan_y_5',\n","       'sme_loan_y_6', 'sales_est_amt_201703', 'sales_est_amt_201706',\n","       'sales_est_amt_201709', 'sales_est_amt_201712', 'sales_est_amt_201803',\n","       'sales_est_amt_201806', 'sales_est_amt_201809', 'sales_est_amt_201812',\n","       'sales_est_amt_201903', 'sales_est_amt_201906', 'sales_est_amt_201909',\n","       'sales_est_amt_201912', 'sales_est_amt_202003', 'sales_est_amt_202006',\n","       'sales_est_amt_202009', 'age10_ratio', 'age20_ratio', 'age30_ratio',\n","       'age40_ratio', 'age50_ratio', 'age60_ratio', 'age70_ratio',\n","       'indcd_a_yn', 'indcd_b_yn', 'indcd_c_yn', 'indcd_d_yn', 'indcd_e_yn',\n","       'indcd_f_yn', 'indcd_g_yn', 'indcd_h_yn', 'indcd_i_yn', 'indcd_j_yn',\n","       'indcd_k_yn', 'indcd_l_yn', 'indcd_m_yn', 'indcd_n_yn', 'indcd_o_yn',\n","       'indcd_p_yn', 'indcd_q_yn', 'indcd_r_yn', 'indcd_s_yn', 'indcd_t_yn',\n","       'indcd_u_yn'],\n","      dtype='object')"]},"metadata":{"tags":[]},"execution_count":3}]},{"cell_type":"code","metadata":{"id":"2n4VibAgGhCo"},"source":["df17_1703= df17.loc[0:,[ 'sales_est_amt_201703','sme_loan_cnt',]]"],"execution_count":null,"outputs":[]},{"cell_type":"code","metadata":{"id":"774l0scYGhCo","outputId":"8218fda8-b9c9-45b9-f557-fa62c5fd8f6f"},"source":["corr = df17_.corr(method = 'pearson')\n","corr\n"],"execution_count":null,"outputs":[{"output_type":"execute_result","data":{"text/html":["<div>\n","<style scoped>\n","    .dataframe tbody tr th:only-of-type {\n","        vertical-align: middle;\n","    }\n","\n","    .dataframe tbody tr th {\n","        vertical-align: top;\n","    }\n","\n","    .dataframe thead th {\n","        text-align: right;\n","    }\n","</style>\n","<table border=\"1\" class=\"dataframe\">\n","  <thead>\n","    <tr style=\"text-align: right;\">\n","      <th></th>\n","      <th>sales_est_amt_201703</th>\n","      <th>sme_loan_cnt</th>\n","    </tr>\n","  </thead>\n","  <tbody>\n","    <tr>\n","      <th>sales_est_amt_201703</th>\n","      <td>1.000000</td>\n","      <td>0.843111</td>\n","    </tr>\n","    <tr>\n","      <th>sme_loan_cnt</th>\n","      <td>0.843111</td>\n","      <td>1.000000</td>\n","    </tr>\n","  </tbody>\n","</table>\n","</div>"],"text/plain":["                      sales_est_amt_201703  sme_loan_cnt\n","sales_est_amt_201703              1.000000      0.843111\n","sme_loan_cnt                      0.843111      1.000000"]},"metadata":{"tags":[]},"execution_count":11}]},{"cell_type":"code","metadata":{"id":"NxGrjwumGhCo"},"source":["df17_= df17.loc[0:,['gid', 'sales_est_amt_201706','sme_loan_cnt',]]"],"execution_count":null,"outputs":[]},{"cell_type":"code","metadata":{"id":"I74KPiL9GhCo","outputId":"90f259c2-e020-4a36-8883-6aaa2ece9a12"},"source":["corr = df17_.corr(method = 'pearson')\n","corr\n"],"execution_count":null,"outputs":[{"output_type":"execute_result","data":{"text/html":["<div>\n","<style scoped>\n","    .dataframe tbody tr th:only-of-type {\n","        vertical-align: middle;\n","    }\n","\n","    .dataframe tbody tr th {\n","        vertical-align: top;\n","    }\n","\n","    .dataframe thead th {\n","        text-align: right;\n","    }\n","</style>\n","<table border=\"1\" class=\"dataframe\">\n","  <thead>\n","    <tr style=\"text-align: right;\">\n","      <th></th>\n","      <th>sales_est_amt_201706</th>\n","      <th>sme_loan_cnt</th>\n","    </tr>\n","  </thead>\n","  <tbody>\n","    <tr>\n","      <th>sales_est_amt_201706</th>\n","      <td>1.000000</td>\n","      <td>0.846112</td>\n","    </tr>\n","    <tr>\n","      <th>sme_loan_cnt</th>\n","      <td>0.846112</td>\n","      <td>1.000000</td>\n","    </tr>\n","  </tbody>\n","</table>\n","</div>"],"text/plain":["                      sales_est_amt_201706  sme_loan_cnt\n","sales_est_amt_201706              1.000000      0.846112\n","sme_loan_cnt                      0.846112      1.000000"]},"metadata":{"tags":[]},"execution_count":13}]},{"cell_type":"code","metadata":{"id":"ZAYzyLSdGhCp","outputId":"85683d56-1ea4-4120-edc5-bf6b1a0554b3"},"source":["df17_= df17.loc[0:,['sales_est_amt_201709','sme_loan_cnt',]]\n","corr = df17_.corr(method = 'pearson')\n","corr\n"],"execution_count":null,"outputs":[{"output_type":"execute_result","data":{"text/html":["<div>\n","<style scoped>\n","    .dataframe tbody tr th:only-of-type {\n","        vertical-align: middle;\n","    }\n","\n","    .dataframe tbody tr th {\n","        vertical-align: top;\n","    }\n","\n","    .dataframe thead th {\n","        text-align: right;\n","    }\n","</style>\n","<table border=\"1\" class=\"dataframe\">\n","  <thead>\n","    <tr style=\"text-align: right;\">\n","      <th></th>\n","      <th>sales_est_amt_201709</th>\n","      <th>sme_loan_cnt</th>\n","    </tr>\n","  </thead>\n","  <tbody>\n","    <tr>\n","      <th>sales_est_amt_201709</th>\n","      <td>1.000000</td>\n","      <td>0.848568</td>\n","    </tr>\n","    <tr>\n","      <th>sme_loan_cnt</th>\n","      <td>0.848568</td>\n","      <td>1.000000</td>\n","    </tr>\n","  </tbody>\n","</table>\n","</div>"],"text/plain":["                      sales_est_amt_201709  sme_loan_cnt\n","sales_est_amt_201709              1.000000      0.848568\n","sme_loan_cnt                      0.848568      1.000000"]},"metadata":{"tags":[]},"execution_count":15}]},{"cell_type":"code","metadata":{"id":"teyO4tXqGhCp"},"source":["df17_1703.to_csv('./월별/df17_1703.csv') #csv파일로 생성"],"execution_count":null,"outputs":[]},{"cell_type":"code","metadata":{"id":"Mr7yfmowGhCp","outputId":"bd85b73c-3919-41e6-8b12-7d6328d57eb3"},"source":["df17_1703"],"execution_count":null,"outputs":[{"output_type":"execute_result","data":{"text/html":["<div>\n","<style scoped>\n","    .dataframe tbody tr th:only-of-type {\n","        vertical-align: middle;\n","    }\n","\n","    .dataframe tbody tr th {\n","        vertical-align: top;\n","    }\n","\n","    .dataframe thead th {\n","        text-align: right;\n","    }\n","</style>\n","<table border=\"1\" class=\"dataframe\">\n","  <thead>\n","    <tr style=\"text-align: right;\">\n","      <th></th>\n","      <th>sales_est_amt_201703</th>\n","      <th>sme_loan_cnt</th>\n","    </tr>\n","  </thead>\n","  <tbody>\n","    <tr>\n","      <th>0</th>\n","      <td>1682</td>\n","      <td>2</td>\n","    </tr>\n","    <tr>\n","      <th>1</th>\n","      <td>2563</td>\n","      <td>3</td>\n","    </tr>\n","    <tr>\n","      <th>2</th>\n","      <td>5180</td>\n","      <td>3</td>\n","    </tr>\n","    <tr>\n","      <th>3</th>\n","      <td>1645</td>\n","      <td>5</td>\n","    </tr>\n","    <tr>\n","      <th>4</th>\n","      <td>216</td>\n","      <td>2</td>\n","    </tr>\n","    <tr>\n","      <th>...</th>\n","      <td>...</td>\n","      <td>...</td>\n","    </tr>\n","    <tr>\n","      <th>802</th>\n","      <td>264</td>\n","      <td>2</td>\n","    </tr>\n","    <tr>\n","      <th>803</th>\n","      <td>1118</td>\n","      <td>4</td>\n","    </tr>\n","    <tr>\n","      <th>804</th>\n","      <td>1453</td>\n","      <td>0</td>\n","    </tr>\n","    <tr>\n","      <th>805</th>\n","      <td>1165</td>\n","      <td>5</td>\n","    </tr>\n","    <tr>\n","      <th>806</th>\n","      <td>336</td>\n","      <td>2</td>\n","    </tr>\n","  </tbody>\n","</table>\n","<p>807 rows × 2 columns</p>\n","</div>"],"text/plain":["     sales_est_amt_201703  sme_loan_cnt\n","0                    1682             2\n","1                    2563             3\n","2                    5180             3\n","3                    1645             5\n","4                     216             2\n","..                    ...           ...\n","802                   264             2\n","803                  1118             4\n","804                  1453             0\n","805                  1165             5\n","806                   336             2\n","\n","[807 rows x 2 columns]"]},"metadata":{"tags":[]},"execution_count":30}]},{"cell_type":"code","metadata":{"id":"NTJNEt_tGhCp"},"source":["#창업found_age와 대출 사이의 상관관계 \n","df17_ageloantotal= df17.loc[0:,[ 'found_age_1', 'found_age_2', 'found_age_3',\n","       'found_age_4', 'found_age_5', 'found_age_6','sme_loan_cnt', 'sme_loan_y_1',\n","       'sme_loan_y_2', 'sme_loan_y_3', 'sme_loan_y_4', 'sme_loan_y_5',\n","       'sme_loan_y_6',]]"],"execution_count":null,"outputs":[]},{"cell_type":"code","metadata":{"id":"Rjn7DDbLGhCq","outputId":"31a6bf53-8c1c-4189-f759-b52a5c617e24"},"source":["corrtotal=df17_ageloantotal.corr(method = 'pearson')\n","corrtotal"],"execution_count":null,"outputs":[{"output_type":"execute_result","data":{"text/html":["<div>\n","<style scoped>\n","    .dataframe tbody tr th:only-of-type {\n","        vertical-align: middle;\n","    }\n","\n","    .dataframe tbody tr th {\n","        vertical-align: top;\n","    }\n","\n","    .dataframe thead th {\n","        text-align: right;\n","    }\n","</style>\n","<table border=\"1\" class=\"dataframe\">\n","  <thead>\n","    <tr style=\"text-align: right;\">\n","      <th></th>\n","      <th>found_age_1</th>\n","      <th>found_age_2</th>\n","      <th>found_age_3</th>\n","      <th>found_age_4</th>\n","      <th>found_age_5</th>\n","      <th>found_age_6</th>\n","      <th>sme_loan_cnt</th>\n","      <th>sme_loan_y_1</th>\n","      <th>sme_loan_y_2</th>\n","      <th>sme_loan_y_3</th>\n","      <th>sme_loan_y_4</th>\n","      <th>sme_loan_y_5</th>\n","      <th>sme_loan_y_6</th>\n","    </tr>\n","  </thead>\n","  <tbody>\n","    <tr>\n","      <th>found_age_1</th>\n","      <td>1.000000</td>\n","      <td>0.789351</td>\n","      <td>0.753333</td>\n","      <td>0.678665</td>\n","      <td>0.666884</td>\n","      <td>0.636626</td>\n","      <td>0.745635</td>\n","      <td>0.637862</td>\n","      <td>0.647920</td>\n","      <td>0.708374</td>\n","      <td>0.720358</td>\n","      <td>0.674359</td>\n","      <td>0.579600</td>\n","    </tr>\n","    <tr>\n","      <th>found_age_2</th>\n","      <td>0.789351</td>\n","      <td>1.000000</td>\n","      <td>0.833387</td>\n","      <td>0.763192</td>\n","      <td>0.751564</td>\n","      <td>0.745838</td>\n","      <td>0.873413</td>\n","      <td>0.682888</td>\n","      <td>0.728519</td>\n","      <td>0.801522</td>\n","      <td>0.833397</td>\n","      <td>0.791536</td>\n","      <td>0.725171</td>\n","    </tr>\n","    <tr>\n","      <th>found_age_3</th>\n","      <td>0.753333</td>\n","      <td>0.833387</td>\n","      <td>1.000000</td>\n","      <td>0.761452</td>\n","      <td>0.697991</td>\n","      <td>0.696421</td>\n","      <td>0.827318</td>\n","      <td>0.660319</td>\n","      <td>0.668963</td>\n","      <td>0.759342</td>\n","      <td>0.812590</td>\n","      <td>0.732715</td>\n","      <td>0.676261</td>\n","    </tr>\n","    <tr>\n","      <th>found_age_4</th>\n","      <td>0.678665</td>\n","      <td>0.763192</td>\n","      <td>0.761452</td>\n","      <td>1.000000</td>\n","      <td>0.816994</td>\n","      <td>0.819194</td>\n","      <td>0.874680</td>\n","      <td>0.653066</td>\n","      <td>0.657480</td>\n","      <td>0.773409</td>\n","      <td>0.845876</td>\n","      <td>0.783396</td>\n","      <td>0.760526</td>\n","    </tr>\n","    <tr>\n","      <th>found_age_5</th>\n","      <td>0.666884</td>\n","      <td>0.751564</td>\n","      <td>0.697991</td>\n","      <td>0.816994</td>\n","      <td>1.000000</td>\n","      <td>0.822202</td>\n","      <td>0.870110</td>\n","      <td>0.618945</td>\n","      <td>0.672753</td>\n","      <td>0.774127</td>\n","      <td>0.836721</td>\n","      <td>0.797766</td>\n","      <td>0.750550</td>\n","    </tr>\n","    <tr>\n","      <th>found_age_6</th>\n","      <td>0.636626</td>\n","      <td>0.745838</td>\n","      <td>0.696421</td>\n","      <td>0.819194</td>\n","      <td>0.822202</td>\n","      <td>1.000000</td>\n","      <td>0.884705</td>\n","      <td>0.588150</td>\n","      <td>0.618853</td>\n","      <td>0.756689</td>\n","      <td>0.860639</td>\n","      <td>0.800947</td>\n","      <td>0.800672</td>\n","    </tr>\n","    <tr>\n","      <th>sme_loan_cnt</th>\n","      <td>0.745635</td>\n","      <td>0.873413</td>\n","      <td>0.827318</td>\n","      <td>0.874680</td>\n","      <td>0.870110</td>\n","      <td>0.884705</td>\n","      <td>1.000000</td>\n","      <td>0.697030</td>\n","      <td>0.738652</td>\n","      <td>0.837527</td>\n","      <td>0.952577</td>\n","      <td>0.923622</td>\n","      <td>0.903840</td>\n","    </tr>\n","    <tr>\n","      <th>sme_loan_y_1</th>\n","      <td>0.637862</td>\n","      <td>0.682888</td>\n","      <td>0.660319</td>\n","      <td>0.653066</td>\n","      <td>0.618945</td>\n","      <td>0.588150</td>\n","      <td>0.697030</td>\n","      <td>1.000000</td>\n","      <td>0.577483</td>\n","      <td>0.634001</td>\n","      <td>0.652492</td>\n","      <td>0.582547</td>\n","      <td>0.511930</td>\n","    </tr>\n","    <tr>\n","      <th>sme_loan_y_2</th>\n","      <td>0.647920</td>\n","      <td>0.728519</td>\n","      <td>0.668963</td>\n","      <td>0.657480</td>\n","      <td>0.672753</td>\n","      <td>0.618853</td>\n","      <td>0.738652</td>\n","      <td>0.577483</td>\n","      <td>1.000000</td>\n","      <td>0.679465</td>\n","      <td>0.686493</td>\n","      <td>0.630228</td>\n","      <td>0.553916</td>\n","    </tr>\n","    <tr>\n","      <th>sme_loan_y_3</th>\n","      <td>0.708374</td>\n","      <td>0.801522</td>\n","      <td>0.759342</td>\n","      <td>0.773409</td>\n","      <td>0.774127</td>\n","      <td>0.756689</td>\n","      <td>0.837527</td>\n","      <td>0.634001</td>\n","      <td>0.679465</td>\n","      <td>1.000000</td>\n","      <td>0.791799</td>\n","      <td>0.727097</td>\n","      <td>0.627406</td>\n","    </tr>\n","    <tr>\n","      <th>sme_loan_y_4</th>\n","      <td>0.720358</td>\n","      <td>0.833397</td>\n","      <td>0.812590</td>\n","      <td>0.845876</td>\n","      <td>0.836721</td>\n","      <td>0.860639</td>\n","      <td>0.952577</td>\n","      <td>0.652492</td>\n","      <td>0.686493</td>\n","      <td>0.791799</td>\n","      <td>1.000000</td>\n","      <td>0.845364</td>\n","      <td>0.799392</td>\n","    </tr>\n","    <tr>\n","      <th>sme_loan_y_5</th>\n","      <td>0.674359</td>\n","      <td>0.791536</td>\n","      <td>0.732715</td>\n","      <td>0.783396</td>\n","      <td>0.797766</td>\n","      <td>0.800947</td>\n","      <td>0.923622</td>\n","      <td>0.582547</td>\n","      <td>0.630228</td>\n","      <td>0.727097</td>\n","      <td>0.845364</td>\n","      <td>1.000000</td>\n","      <td>0.829419</td>\n","    </tr>\n","    <tr>\n","      <th>sme_loan_y_6</th>\n","      <td>0.579600</td>\n","      <td>0.725171</td>\n","      <td>0.676261</td>\n","      <td>0.760526</td>\n","      <td>0.750550</td>\n","      <td>0.800672</td>\n","      <td>0.903840</td>\n","      <td>0.511930</td>\n","      <td>0.553916</td>\n","      <td>0.627406</td>\n","      <td>0.799392</td>\n","      <td>0.829419</td>\n","      <td>1.000000</td>\n","    </tr>\n","  </tbody>\n","</table>\n","</div>"],"text/plain":["              found_age_1  found_age_2  found_age_3  found_age_4  found_age_5  \\\n","found_age_1      1.000000     0.789351     0.753333     0.678665     0.666884   \n","found_age_2      0.789351     1.000000     0.833387     0.763192     0.751564   \n","found_age_3      0.753333     0.833387     1.000000     0.761452     0.697991   \n","found_age_4      0.678665     0.763192     0.761452     1.000000     0.816994   \n","found_age_5      0.666884     0.751564     0.697991     0.816994     1.000000   \n","found_age_6      0.636626     0.745838     0.696421     0.819194     0.822202   \n","sme_loan_cnt     0.745635     0.873413     0.827318     0.874680     0.870110   \n","sme_loan_y_1     0.637862     0.682888     0.660319     0.653066     0.618945   \n","sme_loan_y_2     0.647920     0.728519     0.668963     0.657480     0.672753   \n","sme_loan_y_3     0.708374     0.801522     0.759342     0.773409     0.774127   \n","sme_loan_y_4     0.720358     0.833397     0.812590     0.845876     0.836721   \n","sme_loan_y_5     0.674359     0.791536     0.732715     0.783396     0.797766   \n","sme_loan_y_6     0.579600     0.725171     0.676261     0.760526     0.750550   \n","\n","              found_age_6  sme_loan_cnt  sme_loan_y_1  sme_loan_y_2  \\\n","found_age_1      0.636626      0.745635      0.637862      0.647920   \n","found_age_2      0.745838      0.873413      0.682888      0.728519   \n","found_age_3      0.696421      0.827318      0.660319      0.668963   \n","found_age_4      0.819194      0.874680      0.653066      0.657480   \n","found_age_5      0.822202      0.870110      0.618945      0.672753   \n","found_age_6      1.000000      0.884705      0.588150      0.618853   \n","sme_loan_cnt     0.884705      1.000000      0.697030      0.738652   \n","sme_loan_y_1     0.588150      0.697030      1.000000      0.577483   \n","sme_loan_y_2     0.618853      0.738652      0.577483      1.000000   \n","sme_loan_y_3     0.756689      0.837527      0.634001      0.679465   \n","sme_loan_y_4     0.860639      0.952577      0.652492      0.686493   \n","sme_loan_y_5     0.800947      0.923622      0.582547      0.630228   \n","sme_loan_y_6     0.800672      0.903840      0.511930      0.553916   \n","\n","              sme_loan_y_3  sme_loan_y_4  sme_loan_y_5  sme_loan_y_6  \n","found_age_1       0.708374      0.720358      0.674359      0.579600  \n","found_age_2       0.801522      0.833397      0.791536      0.725171  \n","found_age_3       0.759342      0.812590      0.732715      0.676261  \n","found_age_4       0.773409      0.845876      0.783396      0.760526  \n","found_age_5       0.774127      0.836721      0.797766      0.750550  \n","found_age_6       0.756689      0.860639      0.800947      0.800672  \n","sme_loan_cnt      0.837527      0.952577      0.923622      0.903840  \n","sme_loan_y_1      0.634001      0.652492      0.582547      0.511930  \n","sme_loan_y_2      0.679465      0.686493      0.630228      0.553916  \n","sme_loan_y_3      1.000000      0.791799      0.727097      0.627406  \n","sme_loan_y_4      0.791799      1.000000      0.845364      0.799392  \n","sme_loan_y_5      0.727097      0.845364      1.000000      0.829419  \n","sme_loan_y_6      0.627406      0.799392      0.829419      1.000000  "]},"metadata":{"tags":[]},"execution_count":39}]},{"cell_type":"code","metadata":{"id":"hJgmKq32GhCq","outputId":"d893f80a-c19a-4b90-8109-e45f3db60256"},"source":["corrtotal.head(6)"],"execution_count":null,"outputs":[{"output_type":"execute_result","data":{"text/html":["<div>\n","<style scoped>\n","    .dataframe tbody tr th:only-of-type {\n","        vertical-align: middle;\n","    }\n","\n","    .dataframe tbody tr th {\n","        vertical-align: top;\n","    }\n","\n","    .dataframe thead th {\n","        text-align: right;\n","    }\n","</style>\n","<table border=\"1\" class=\"dataframe\">\n","  <thead>\n","    <tr style=\"text-align: right;\">\n","      <th></th>\n","      <th>found_age_1</th>\n","      <th>found_age_2</th>\n","      <th>found_age_3</th>\n","      <th>found_age_4</th>\n","      <th>found_age_5</th>\n","      <th>found_age_6</th>\n","      <th>sme_loan_cnt</th>\n","      <th>sme_loan_y_1</th>\n","      <th>sme_loan_y_2</th>\n","      <th>sme_loan_y_3</th>\n","      <th>sme_loan_y_4</th>\n","      <th>sme_loan_y_5</th>\n","      <th>sme_loan_y_6</th>\n","    </tr>\n","  </thead>\n","  <tbody>\n","    <tr>\n","      <th>found_age_1</th>\n","      <td>1.000000</td>\n","      <td>0.789351</td>\n","      <td>0.753333</td>\n","      <td>0.678665</td>\n","      <td>0.666884</td>\n","      <td>0.636626</td>\n","      <td>0.745635</td>\n","      <td>0.637862</td>\n","      <td>0.647920</td>\n","      <td>0.708374</td>\n","      <td>0.720358</td>\n","      <td>0.674359</td>\n","      <td>0.579600</td>\n","    </tr>\n","    <tr>\n","      <th>found_age_2</th>\n","      <td>0.789351</td>\n","      <td>1.000000</td>\n","      <td>0.833387</td>\n","      <td>0.763192</td>\n","      <td>0.751564</td>\n","      <td>0.745838</td>\n","      <td>0.873413</td>\n","      <td>0.682888</td>\n","      <td>0.728519</td>\n","      <td>0.801522</td>\n","      <td>0.833397</td>\n","      <td>0.791536</td>\n","      <td>0.725171</td>\n","    </tr>\n","    <tr>\n","      <th>found_age_3</th>\n","      <td>0.753333</td>\n","      <td>0.833387</td>\n","      <td>1.000000</td>\n","      <td>0.761452</td>\n","      <td>0.697991</td>\n","      <td>0.696421</td>\n","      <td>0.827318</td>\n","      <td>0.660319</td>\n","      <td>0.668963</td>\n","      <td>0.759342</td>\n","      <td>0.812590</td>\n","      <td>0.732715</td>\n","      <td>0.676261</td>\n","    </tr>\n","    <tr>\n","      <th>found_age_4</th>\n","      <td>0.678665</td>\n","      <td>0.763192</td>\n","      <td>0.761452</td>\n","      <td>1.000000</td>\n","      <td>0.816994</td>\n","      <td>0.819194</td>\n","      <td>0.874680</td>\n","      <td>0.653066</td>\n","      <td>0.657480</td>\n","      <td>0.773409</td>\n","      <td>0.845876</td>\n","      <td>0.783396</td>\n","      <td>0.760526</td>\n","    </tr>\n","    <tr>\n","      <th>found_age_5</th>\n","      <td>0.666884</td>\n","      <td>0.751564</td>\n","      <td>0.697991</td>\n","      <td>0.816994</td>\n","      <td>1.000000</td>\n","      <td>0.822202</td>\n","      <td>0.870110</td>\n","      <td>0.618945</td>\n","      <td>0.672753</td>\n","      <td>0.774127</td>\n","      <td>0.836721</td>\n","      <td>0.797766</td>\n","      <td>0.750550</td>\n","    </tr>\n","    <tr>\n","      <th>found_age_6</th>\n","      <td>0.636626</td>\n","      <td>0.745838</td>\n","      <td>0.696421</td>\n","      <td>0.819194</td>\n","      <td>0.822202</td>\n","      <td>1.000000</td>\n","      <td>0.884705</td>\n","      <td>0.588150</td>\n","      <td>0.618853</td>\n","      <td>0.756689</td>\n","      <td>0.860639</td>\n","      <td>0.800947</td>\n","      <td>0.800672</td>\n","    </tr>\n","  </tbody>\n","</table>\n","</div>"],"text/plain":["             found_age_1  found_age_2  found_age_3  found_age_4  found_age_5  \\\n","found_age_1     1.000000     0.789351     0.753333     0.678665     0.666884   \n","found_age_2     0.789351     1.000000     0.833387     0.763192     0.751564   \n","found_age_3     0.753333     0.833387     1.000000     0.761452     0.697991   \n","found_age_4     0.678665     0.763192     0.761452     1.000000     0.816994   \n","found_age_5     0.666884     0.751564     0.697991     0.816994     1.000000   \n","found_age_6     0.636626     0.745838     0.696421     0.819194     0.822202   \n","\n","             found_age_6  sme_loan_cnt  sme_loan_y_1  sme_loan_y_2  \\\n","found_age_1     0.636626      0.745635      0.637862      0.647920   \n","found_age_2     0.745838      0.873413      0.682888      0.728519   \n","found_age_3     0.696421      0.827318      0.660319      0.668963   \n","found_age_4     0.819194      0.874680      0.653066      0.657480   \n","found_age_5     0.822202      0.870110      0.618945      0.672753   \n","found_age_6     1.000000      0.884705      0.588150      0.618853   \n","\n","             sme_loan_y_3  sme_loan_y_4  sme_loan_y_5  sme_loan_y_6  \n","found_age_1      0.708374      0.720358      0.674359      0.579600  \n","found_age_2      0.801522      0.833397      0.791536      0.725171  \n","found_age_3      0.759342      0.812590      0.732715      0.676261  \n","found_age_4      0.773409      0.845876      0.783396      0.760526  \n","found_age_5      0.774127      0.836721      0.797766      0.750550  \n","found_age_6      0.756689      0.860639      0.800947      0.800672  "]},"metadata":{"tags":[]},"execution_count":40}]},{"cell_type":"markdown","metadata":{"id":"PGBKqZN9GhCq"},"source":["# 20대 대표와 대출의 상관관계 ==> 대출은 하지만 대출 비용은 크지 않다! "]},{"cell_type":"code","metadata":{"id":"eMBDOkibGhCq"},"source":["#20대 대표와 대출의 상관관계\n","df17_20= df17.loc[0:,[ 'rpr_per_age_bin_20','sme_loan_cnt', 'sme_loan_y_1',\n","       'sme_loan_y_2', 'sme_loan_y_3', 'sme_loan_y_4', 'sme_loan_y_5',\n","       'sme_loan_y_6',]]"],"execution_count":null,"outputs":[]},{"cell_type":"code","metadata":{"id":"PN8wB0eeGhCr","outputId":"d549ba0f-3292-4cec-cd2d-591c86f3fed2"},"source":["corr17_20 = df17_20.corr(method = 'pearson')\n","corr17_20\n"],"execution_count":null,"outputs":[{"output_type":"execute_result","data":{"text/html":["<div>\n","<style scoped>\n","    .dataframe tbody tr th:only-of-type {\n","        vertical-align: middle;\n","    }\n","\n","    .dataframe tbody tr th {\n","        vertical-align: top;\n","    }\n","\n","    .dataframe thead th {\n","        text-align: right;\n","    }\n","</style>\n","<table border=\"1\" class=\"dataframe\">\n","  <thead>\n","    <tr style=\"text-align: right;\">\n","      <th></th>\n","      <th>rpr_per_age_bin_20</th>\n","      <th>sme_loan_cnt</th>\n","      <th>sme_loan_y_1</th>\n","      <th>sme_loan_y_2</th>\n","      <th>sme_loan_y_3</th>\n","      <th>sme_loan_y_4</th>\n","      <th>sme_loan_y_5</th>\n","      <th>sme_loan_y_6</th>\n","    </tr>\n","  </thead>\n","  <tbody>\n","    <tr>\n","      <th>rpr_per_age_bin_20</th>\n","      <td>1.000000</td>\n","      <td>0.720219</td>\n","      <td>0.568574</td>\n","      <td>0.612777</td>\n","      <td>0.687193</td>\n","      <td>0.695481</td>\n","      <td>0.669318</td>\n","      <td>0.563093</td>\n","    </tr>\n","    <tr>\n","      <th>sme_loan_cnt</th>\n","      <td>0.720219</td>\n","      <td>1.000000</td>\n","      <td>0.697030</td>\n","      <td>0.738652</td>\n","      <td>0.837527</td>\n","      <td>0.952577</td>\n","      <td>0.923622</td>\n","      <td>0.903840</td>\n","    </tr>\n","    <tr>\n","      <th>sme_loan_y_1</th>\n","      <td>0.568574</td>\n","      <td>0.697030</td>\n","      <td>1.000000</td>\n","      <td>0.577483</td>\n","      <td>0.634001</td>\n","      <td>0.652492</td>\n","      <td>0.582547</td>\n","      <td>0.511930</td>\n","    </tr>\n","    <tr>\n","      <th>sme_loan_y_2</th>\n","      <td>0.612777</td>\n","      <td>0.738652</td>\n","      <td>0.577483</td>\n","      <td>1.000000</td>\n","      <td>0.679465</td>\n","      <td>0.686493</td>\n","      <td>0.630228</td>\n","      <td>0.553916</td>\n","    </tr>\n","    <tr>\n","      <th>sme_loan_y_3</th>\n","      <td>0.687193</td>\n","      <td>0.837527</td>\n","      <td>0.634001</td>\n","      <td>0.679465</td>\n","      <td>1.000000</td>\n","      <td>0.791799</td>\n","      <td>0.727097</td>\n","      <td>0.627406</td>\n","    </tr>\n","    <tr>\n","      <th>sme_loan_y_4</th>\n","      <td>0.695481</td>\n","      <td>0.952577</td>\n","      <td>0.652492</td>\n","      <td>0.686493</td>\n","      <td>0.791799</td>\n","      <td>1.000000</td>\n","      <td>0.845364</td>\n","      <td>0.799392</td>\n","    </tr>\n","    <tr>\n","      <th>sme_loan_y_5</th>\n","      <td>0.669318</td>\n","      <td>0.923622</td>\n","      <td>0.582547</td>\n","      <td>0.630228</td>\n","      <td>0.727097</td>\n","      <td>0.845364</td>\n","      <td>1.000000</td>\n","      <td>0.829419</td>\n","    </tr>\n","    <tr>\n","      <th>sme_loan_y_6</th>\n","      <td>0.563093</td>\n","      <td>0.903840</td>\n","      <td>0.511930</td>\n","      <td>0.553916</td>\n","      <td>0.627406</td>\n","      <td>0.799392</td>\n","      <td>0.829419</td>\n","      <td>1.000000</td>\n","    </tr>\n","  </tbody>\n","</table>\n","</div>"],"text/plain":["                    rpr_per_age_bin_20  sme_loan_cnt  sme_loan_y_1  \\\n","rpr_per_age_bin_20            1.000000      0.720219      0.568574   \n","sme_loan_cnt                  0.720219      1.000000      0.697030   \n","sme_loan_y_1                  0.568574      0.697030      1.000000   \n","sme_loan_y_2                  0.612777      0.738652      0.577483   \n","sme_loan_y_3                  0.687193      0.837527      0.634001   \n","sme_loan_y_4                  0.695481      0.952577      0.652492   \n","sme_loan_y_5                  0.669318      0.923622      0.582547   \n","sme_loan_y_6                  0.563093      0.903840      0.511930   \n","\n","                    sme_loan_y_2  sme_loan_y_3  sme_loan_y_4  sme_loan_y_5  \\\n","rpr_per_age_bin_20      0.612777      0.687193      0.695481      0.669318   \n","sme_loan_cnt            0.738652      0.837527      0.952577      0.923622   \n","sme_loan_y_1            0.577483      0.634001      0.652492      0.582547   \n","sme_loan_y_2            1.000000      0.679465      0.686493      0.630228   \n","sme_loan_y_3            0.679465      1.000000      0.791799      0.727097   \n","sme_loan_y_4            0.686493      0.791799      1.000000      0.845364   \n","sme_loan_y_5            0.630228      0.727097      0.845364      1.000000   \n","sme_loan_y_6            0.553916      0.627406      0.799392      0.829419   \n","\n","                    sme_loan_y_6  \n","rpr_per_age_bin_20      0.563093  \n","sme_loan_cnt            0.903840  \n","sme_loan_y_1            0.511930  \n","sme_loan_y_2            0.553916  \n","sme_loan_y_3            0.627406  \n","sme_loan_y_4            0.799392  \n","sme_loan_y_5            0.829419  \n","sme_loan_y_6            1.000000  "]},"metadata":{"tags":[]},"execution_count":42}]},{"cell_type":"code","metadata":{"id":"JTzJn9LgGhCr"},"source":["df17_foundrun= df17.loc[0:,[ 'found_age_1', 'found_age_2', 'found_age_3',\n","       'found_age_4', 'found_age_5', 'found_age_6','runout_cnt',]]"],"execution_count":null,"outputs":[]},{"cell_type":"code","metadata":{"id":"2BQ0etW_GhCr","outputId":"5d772bf1-bbb6-4889-abcc-ca77695ea014"},"source":["corr17_foundrun = df17_foundrun.corr(method = 'pearson')\n","corr17_foundrun\n"],"execution_count":null,"outputs":[{"output_type":"execute_result","data":{"text/html":["<div>\n","<style scoped>\n","    .dataframe tbody tr th:only-of-type {\n","        vertical-align: middle;\n","    }\n","\n","    .dataframe tbody tr th {\n","        vertical-align: top;\n","    }\n","\n","    .dataframe thead th {\n","        text-align: right;\n","    }\n","</style>\n","<table border=\"1\" class=\"dataframe\">\n","  <thead>\n","    <tr style=\"text-align: right;\">\n","      <th></th>\n","      <th>found_age_1</th>\n","      <th>found_age_2</th>\n","      <th>found_age_3</th>\n","      <th>found_age_4</th>\n","      <th>found_age_5</th>\n","      <th>found_age_6</th>\n","      <th>runout_cnt</th>\n","    </tr>\n","  </thead>\n","  <tbody>\n","    <tr>\n","      <th>found_age_1</th>\n","      <td>1.000000</td>\n","      <td>0.789351</td>\n","      <td>0.753333</td>\n","      <td>0.678665</td>\n","      <td>0.666884</td>\n","      <td>0.636626</td>\n","      <td>0.664319</td>\n","    </tr>\n","    <tr>\n","      <th>found_age_2</th>\n","      <td>0.789351</td>\n","      <td>1.000000</td>\n","      <td>0.833387</td>\n","      <td>0.763192</td>\n","      <td>0.751564</td>\n","      <td>0.745838</td>\n","      <td>0.754536</td>\n","    </tr>\n","    <tr>\n","      <th>found_age_3</th>\n","      <td>0.753333</td>\n","      <td>0.833387</td>\n","      <td>1.000000</td>\n","      <td>0.761452</td>\n","      <td>0.697991</td>\n","      <td>0.696421</td>\n","      <td>0.721557</td>\n","    </tr>\n","    <tr>\n","      <th>found_age_4</th>\n","      <td>0.678665</td>\n","      <td>0.763192</td>\n","      <td>0.761452</td>\n","      <td>1.000000</td>\n","      <td>0.816994</td>\n","      <td>0.819194</td>\n","      <td>0.765781</td>\n","    </tr>\n","    <tr>\n","      <th>found_age_5</th>\n","      <td>0.666884</td>\n","      <td>0.751564</td>\n","      <td>0.697991</td>\n","      <td>0.816994</td>\n","      <td>1.000000</td>\n","      <td>0.822202</td>\n","      <td>0.775292</td>\n","    </tr>\n","    <tr>\n","      <th>found_age_6</th>\n","      <td>0.636626</td>\n","      <td>0.745838</td>\n","      <td>0.696421</td>\n","      <td>0.819194</td>\n","      <td>0.822202</td>\n","      <td>1.000000</td>\n","      <td>0.739250</td>\n","    </tr>\n","    <tr>\n","      <th>runout_cnt</th>\n","      <td>0.664319</td>\n","      <td>0.754536</td>\n","      <td>0.721557</td>\n","      <td>0.765781</td>\n","      <td>0.775292</td>\n","      <td>0.739250</td>\n","      <td>1.000000</td>\n","    </tr>\n","  </tbody>\n","</table>\n","</div>"],"text/plain":["             found_age_1  found_age_2  found_age_3  found_age_4  found_age_5  \\\n","found_age_1     1.000000     0.789351     0.753333     0.678665     0.666884   \n","found_age_2     0.789351     1.000000     0.833387     0.763192     0.751564   \n","found_age_3     0.753333     0.833387     1.000000     0.761452     0.697991   \n","found_age_4     0.678665     0.763192     0.761452     1.000000     0.816994   \n","found_age_5     0.666884     0.751564     0.697991     0.816994     1.000000   \n","found_age_6     0.636626     0.745838     0.696421     0.819194     0.822202   \n","runout_cnt      0.664319     0.754536     0.721557     0.765781     0.775292   \n","\n","             found_age_6  runout_cnt  \n","found_age_1     0.636626    0.664319  \n","found_age_2     0.745838    0.754536  \n","found_age_3     0.696421    0.721557  \n","found_age_4     0.819194    0.765781  \n","found_age_5     0.822202    0.775292  \n","found_age_6     1.000000    0.739250  \n","runout_cnt      0.739250    1.000000  "]},"metadata":{"tags":[]},"execution_count":45}]},{"cell_type":"code","metadata":{"id":"XgOTjxNRGhCr"},"source":[""],"execution_count":null,"outputs":[]}]}